WRISTWRIST
x: 0.15267089
y: 0.477675617
z: 2.20169525e-07

